           1
     3           4
  7     10    9     13
15 22 21 31 19 28 27 40

           0
     1           2
  3     4     5     6
7  8  9 10  11 12  13 14


============================================


           1
     3           4
  7     10    9     13
15 22 21 31 19 28 27 40

0   1   2   3   4   5   6   7   8   9  10  11  12  13                     - index
1   3                                                                     - add 3
1   3   4                                                                 - add 4
1   3   4   7                                                             - add 7
1   3   4   7  10                                                         - add 10
1   3   4   7   9  10                                                     - add 9
1   3   4   7   9  10  13                                                 - add 13
1   3   4   7   9  10  13  15                                             - add 15
1   3   4   7   9  10  13  15  22                                         - add 22
1   3   4   7   9  10  13  15  21  22                                     - add 21
1   3   4   7   9  10  13  15  21  22  31                                 - add 31
1   3   4   7   9  10  13  15  19  21  22  31                             - add 19
1   3   4   7   9  10  13  15  19  21  22  28  31                         - add 28
1   3   4   7   9  10  13  15  19  21  22  27  28  31                     - add 27
1   3   4   7   9  10  13  15  19  21  22  27  28  31  40                 - add 40


=========================================================



                         1
              3                    4
      7           10          9          13
  15    22    21    31    19    28    27    40
31 46 45 67 43 64 63 94 39 58 57 85 55 82 81 121


0   1   2   3   4   5   6   7   8   9  10  11  12  13                                                                          - index
																		                                                       
1   3                                                                                                                          - add 3
1   3   4                                                                                                                      - add 4
																		                                                       
1   3   4   7                                                                                                                  - add 7
1   3   4   7  10                                                                                                              - add 10
1   3   4   7   9  10                                                                                                          - add 9
1   3   4   7   9  10  13                                                                                                      - add 13
																		                                                       
1   3   4   7   9  10  13  15                                                                                                  - add 15
1   3   4   7   9  10  13  15  22                                                                                              - add 22
1   3   4   7   9  10  13  15  21  22                                                                                          - add 21
1   3   4   7   9  10  13  15  21  22  31                                                                                      - add 31
1   3   4   7   9  10  13  15  19  21  22  31                                                                                  - add 19
1   3   4   7   9  10  13  15  19  21  22  28  31                                                                              - add 28
1   3   4   7   9  10  13  15  19  21  22  27  28  31                                                                          - add 27
1   3   4   7   9  10  13  15  19  21  22  27  28  31  40                                                                      - add 40
																		                                                       
1   3   4   7   9  10  13  15  19  21  22  27  28  31  40                                                                      - add 31 (present)
1   3   4   7   9  10  13  15  19  21  22  27  28  31  40  46                                                                  - add 46
1   3   4   7   9  10  13  15  19  21  22  27  28  31  40  45  46                                                              - add 45
1   3   4   7   9  10  13  15  19  21  22  27  28  31  40  45  46  67                                                          - add 67
1   3   4   7   9  10  13  15  19  21  22  27  28  31  40  43  45  46  67                                                      - add 43
1   3   4   7   9  10  13  15  19  21  22  27  28  31  40  43  45  46  64  67                                                  - add 64
1   3   4   7   9  10  13  15  19  21  22  27  28  31  40  43  45  46  63  64  67                                              - add 63
1   3   4   7   9  10  13  15  19  21  22  27  28  31  40  43  45  46  63  64  67  94                                          - add 94
1   3   4   7   9  10  13  15  19  21  22  27  28  31  39  40  43  45  46  63  64  67  94                                      - add 39
1   3   4   7   9  10  13  15  19  21  22  27  28  31  39  40  43  45  46  58  63  64  67  94                                  - add 58
1   3   4   7   9  10  13  15  19  21  22  27  28  31  39  40  43  45  46  57  58  63  64  67  94                              - add 57
1   3   4   7   9  10  13  15  19  21  22  27  28  31  39  40  43  45  46  57  58  63  64  67  85  94                          - add 85
1   3   4   7   9  10  13  15  19  21  22  27  28  31  39  40  43  45  46  55  57  58  63  64  67  85  94                      - add 55
1   3   4   7   9  10  13  15  19  21  22  27  28  31  39  40  43  45  46  55  57  58  63  64  67  82  85  94                  - add 82
1   3   4   7   9  10  13  15  19  21  22  27  28  31  39  40  43  45  46  55  57  58  63  64  67  81  82  85  94              - add 81
1   3   4   7   9  10  13  15  19  21  22  27  28  31  39  40  43  45  46  55  57  58  63  64  67  81  82  85  94 121          - add 121

0   1   2   3   4   5   6   7   8   9  10  11  12  13  14  15  16  17  18  19  20  21  22  23  24  25  26  27  28  29
